    -6   -12
     6   -12
     6    12
    -6    12
     PolyMagic
    -8.277779693603517e+00    -4.847999343872072e+00
    -7.927209968566896e+00    -6.464000473022463e+00
    -7.448631401062013e+00    -8.079999694824220e+00
    -7.248000259399415e+00    -8.623224029541017e+00
    -6.817340011596681e+00    -9.696000823974611e+00
    -6.040000076293946e+00    -1.124363494873047e+01
    -6.000000114440919e+00    -1.131199813842774e+01
    -4.896273727416993e+00    -1.292799926757813e+01
    -4.831999893188478e+00    -1.301112533569336e+01
    -3.623999710083009e+00    -1.425591827392578e+01
    -3.230938072204591e+00    -1.454400039672852e+01
    -2.415999526977540e+00    -1.511193252563477e+01
    -1.207999343872071e+00    -1.563492370605469e+01
     8.392333974427402e-07    -1.585918975830078e+01
     1.207999114990233e+00    -1.580090118408203e+01
     2.415999298095702e+00    -1.545498062133789e+01
     3.623999481201171e+00    -1.479440475463867e+01
     3.936564331054687e+00    -1.454400039672852e+01
     4.831999664306640e+00    -1.378045440673828e+01
     5.570999984741210e+00    -1.292799926757813e+01
     6.039999847412108e+00    -1.232095504760742e+01
     6.675385360717772e+00    -1.131199813842774e+01
     7.248000030517577e+00    -1.023243118286133e+01
     7.498455886840819e+00    -9.696000823974611e+00
     8.123055343627929e+00    -8.079999694824220e+00
     8.456000213623046e+00    -6.973386535644533e+00
     8.602106933593749e+00    -6.464000473022463e+00
     8.959420089721679e+00    -4.847999343872072e+00
     9.205696945190429e+00    -3.232000122070314e+00
     9.351813201904296e+00    -1.616000900268556e+00
     9.404005889892577e+00     2.288818343743060e-07
     9.364294891357421e+00     1.615999450683592e+00
     9.230662231445312e+00     3.232000579833983e+00
     8.996884231567382e+00     4.847999801635741e+00
     8.652069931030272e+00     6.464000930786131e+00
     8.456000213623046e+00     7.160383453369139e+00
     8.183857803344726e+00     8.080000152587889e+00
     7.569743041992187e+00     9.696000328063963e+00
     7.248000030517577e+00     1.038719295501709e+01
     6.757033233642577e+00     1.131199954986572e+01
     6.039999847412108e+00     1.244501708984375e+01
     5.662796859741210e+00     1.292799972534180e+01
     4.831999664306640e+00     1.387382053375244e+01
     4.028244857788085e+00     1.454399990081787e+01
     3.623999481201171e+00     1.486033653259277e+01
     2.415999298095702e+00     1.549386810302734e+01
     1.207999114990233e+00     1.581515621185303e+01
     8.392333974427402e-07     1.585061668395996e+01
    -1.207999343872071e+00     1.560486721038818e+01
    -2.415999526977540e+00     1.506131576538086e+01
    -3.145139808654786e+00     1.454399990081787e+01
    -3.623999710083009e+00     1.418689846038818e+01
    -4.828847999572755e+00     1.292799972534180e+01
    -4.831999893188478e+00     1.292435287475586e+01
    -5.938339347839356e+00     1.131199954986572e+01
    -6.040000076293946e+00     1.113841079711914e+01
    -6.767523880004884e+00     9.696000328063963e+00
    -7.248000259399415e+00     8.508264770507811e+00
    -7.407690162658692e+00     8.080000152587889e+00
    -7.895205612182618e+00     6.464000930786131e+00
    -8.254174346923829e+00     4.847999801635741e+00
    -8.456000442504884e+00     3.535133590698241e+00
    -8.502920265197755e+00     3.232000579833983e+00
    -8.654713745117188e+00     1.615999450683592e+00
    -8.707243080139161e+00     2.288818343743060e-07
    -8.662716979980470e+00    -1.616000900268556e+00
    -8.519124145507813e+00    -3.232000122070314e+00
    -8.456000442504884e+00    -3.652660140991213e+00
     PolyMagic
